{
  "asset": {
    "version": "2.0",
    "generator": "THREE.GLTFExporter"
  },
  "scenes": [
    {
      "name": "Scene",
      "nodes": [
        24,
        25
      ]
    }
  ],
  "scene": 0,
  "nodes": [
    {
      "rotation": [
        0,
        0,
        0,
        0.9999999999999998
      ],
      "translation": [
        0,
        1.221330121637271,
        1.4764583448134307
      ],
      "scale": [
        0.8404618174292315,
        0.8404618174292315,
        0.8404618174292315
      ],
      "name": "Head",
      "extras": {
        "transformData": {
          "inheritType": 1,
          "eulerOrder": "ZYX",
          "translation": [
            0,
            1.221330121637271,
            1.4764583448134307
          ],
          "scale": [
            0.8404618174292315,
            0.8404618174292315,
            0.8404618174292315
          ],
          "parentMatrix": {
            "elements": [
              1,
              0,
              0,
              0,
              0,
              1,
              0,
              0,
              0,
              0,
              1,
              0,
              0,
              0,
              0,
              1
            ]
          },
          "parentMatrixWorld": {
            "elements": [
              1,
              0,
              0,
              0,
              0,
              1,
              0,
              0,
              0,
              0,
              1,
              0,
              0,
              0,
              0,
              1
            ]
          }
        }
      },
      "mesh": 0
    },
    {
      "rotation": [
        -0.8021155576005708,
        0,
        0,
        0.5971688473582034
      ],
      "translation": [
        0,
        -0.10046420444880255,
        -1.5229911885397616
      ],
      "scale": [
        0.36310863618112726,
        0.3631086361811273,
        0.3631086361811273
      ],
      "name": "Stinger",
      "extras": {
        "transformData": {
          "inheritType": 1,
          "eulerOrder": "ZYX",
          "translation": [
            0,
            -0.10046420444880255,
            -1.5229911885397616
          ],
          "rotation": [
            -106.66520153369588,
            0,
            0
          ],
          "scale": [
            0.36310863618112726,
            0.36310863618112726,
            0.36310863618112726
          ],
          "parentMatrix": {
            "elements": [
              1,
              0,
              0,
              0,
              0,
              1,
              0,
              0,
              0,
              0,
              1,
              0,
              0,
              0,
              0,
              1
            ]
          },
          "parentMatrixWorld": {
            "elements": [
              1,
              0,
              0,
              0,
              0,
              1,
              0,
              0,
              0,
              0,
              1,
              0,
              0,
              0,
              0,
              1
            ]
          }
        }
      },
      "mesh": 1
    },
    {
      "translation": [
        -0.5195513978680273,
        1.2895035052331127,
        1.8433592259512146
      ],
      "scale": [
        0.36427908303195455,
        0.36427908303195455,
        0.36427908303195455
      ],
      "name": "Eyes",
      "extras": {
        "transformData": {
          "inheritType": 1,
          "eulerOrder": "ZYX",
          "translation": [
            -0.5195513978680273,
            1.2895035052331127,
            1.8433592259512146
          ],
          "scale": [
            0.36427908303195455,
            0.36427908303195455,
            0.36427908303195455
          ],
          "parentMatrix": {
            "elements": [
              1,
              0,
              0,
              0,
              0,
              1,
              0,
              0,
              0,
              0,
              1,
              0,
              0,
              0,
              0,
              1
            ]
          },
          "parentMatrixWorld": {
            "elements": [
              1,
              0,
              0,
              0,
              0,
              1,
              0,
              0,
              0,
              0,
              1,
              0,
              0,
              0,
              0,
              1
            ]
          }
        }
      },
      "mesh": 2
    },
    {
      "rotation": [
        0,
        0,
        1,
        0
      ],
      "translation": [
        -0.06304354675788248,
        0.3466335054151817,
        0
      ],
      "scale": [
        -0.11928362905314856,
        1.7463545032744112,
        0.11928362905314856
      ],
      "name": "pCube1",
      "extras": {
        "transformData": {
          "inheritType": 1,
          "eulerOrder": "ZYX",
          "translation": [
            -0.06304354675788248,
            0.34663350541518145,
            0
          ],
          "scale": [
            0.11928362905314856,
            -1.7463545032744112,
            0.11928362905314856
          ],
          "parentMatrix": {
            "elements": [
              2.220446049250313e-16,
              0,
              1,
              0,
              0,
              1,
              0,
              0,
              -1,
              0,
              2.220446049250313e-16,
              0,
              0.36026692407069016,
              1.845333385743931,
              1.8025389090630397,
              1
            ]
          },
          "parentMatrixWorld": {
            "elements": [
              2.220446049250313e-16,
              0,
              1,
              0,
              0,
              1,
              0,
              0,
              -1,
              0,
              2.220446049250313e-16,
              0,
              0.36026692407069016,
              1.845333385743931,
              1.8025389090630397,
              1
            ]
          }
        }
      },
      "mesh": 3
    },
    {
      "translation": [
        -0.06304354675788248,
        0.3466335054151817,
        0
      ],
      "scale": [
        0.8731772516372056,
        0.8731772516372056,
        0.8731772516372056
      ],
      "name": "bend1Handle",
      "extras": {
        "transformData": {
          "inheritType": 1,
          "eulerOrder": "ZYX",
          "translation": [
            -0.06304354675788248,
            0.34663350541518145,
            0
          ],
          "scale": [
            0.8731772516372056,
            0.8731772516372056,
            0.8731772516372056
          ],
          "parentMatrix": {
            "elements": [
              2.220446049250313e-16,
              0,
              1,
              0,
              0,
              1,
              0,
              0,
              -1,
              0,
              2.220446049250313e-16,
              0,
              0.36026692407069016,
              1.845333385743931,
              1.8025389090630397,
              1
            ]
          },
          "parentMatrixWorld": {
            "elements": [
              2.220446049250313e-16,
              0,
              1,
              0,
              0,
              1,
              0,
              0,
              -1,
              0,
              2.220446049250313e-16,
              0,
              0.36026692407069016,
              1.845333385743931,
              1.8025389090630397,
              1
            ]
          }
        }
      }
    },
    {
      "rotation": [
        0,
        -0.7071067811865475,
        0,
        0.7071067811865476
      ],
      "translation": [
        0.36026692407069016,
        1.845333385743931,
        1.8025389090630397
      ],
      "name": "Antennae",
      "extras": {
        "transformData": {
          "inheritType": 1,
          "eulerOrder": "ZYX",
          "translation": [
            0.36026692407069016,
            1.845333385743931,
            1.8025389090630397
          ],
          "rotation": [
            0,
            -90,
            0
          ],
          "parentMatrix": {
            "elements": [
              1,
              0,
              0,
              0,
              0,
              1,
              0,
              0,
              0,
              0,
              1,
              0,
              0,
              0,
              0,
              1
            ]
          },
          "parentMatrixWorld": {
            "elements": [
              1,
              0,
              0,
              0,
              0,
              1,
              0,
              0,
              0,
              0,
              1,
              0,
              0,
              0,
              0,
              1
            ]
          }
        }
      },
      "children": [
        3,
        4
      ]
    },
    {
      "rotation": [
        0.07096829900659814,
        0.3176551763106778,
        -0.20616490576133753,
        0.9227972264433617
      ],
      "translation": [
        0.6366419453923482,
        1.6300000679058206,
        1.9099275505514366
      ],
      "scale": [
        0.5305390731573751,
        0.10300104649293575,
        0.19959563561612836
      ],
      "name": "pCube2",
      "extras": {
        "transformData": {
          "inheritType": 1,
          "eulerOrder": "ZYX",
          "translation": [
            0.6366419453923482,
            1.6300000679058206,
            1.9099275505514366
          ],
          "rotation": [
            0,
            37.990075938700876,
            -25.187615407533826
          ],
          "scale": [
            0.5305390731573751,
            0.10300104649293573,
            0.19959563561612836
          ],
          "parentMatrix": {
            "elements": [
              1,
              0,
              0,
              0,
              0,
              1,
              0,
              0,
              0,
              0,
              1,
              0,
              0,
              0,
              0,
              1
            ]
          },
          "parentMatrixWorld": {
            "elements": [
              1,
              0,
              0,
              0,
              0,
              1,
              0,
              0,
              0,
              0,
              1,
              0,
              0,
              0,
              0,
              1
            ]
          }
        }
      },
      "mesh": 4
    },
    {
      "rotation": [
        0,
        -0.41630321412737264,
        0,
        0.9092258431804603
      ],
      "translation": [
        -0.7697996943344845,
        1.2675432728537943,
        1.9772475835023875
      ],
      "scale": [
        0.29159258087247375,
        0.2915925808724737,
        0.14922693787065694
      ],
      "name": "Left_Eye",
      "extras": {
        "transformData": {
          "inheritType": 1,
          "eulerOrder": "ZYX",
          "translation": [
            -0.7697996943344845,
            1.2675432728537943,
            1.9772475835023875
          ],
          "rotation": [
            0,
            -49.20282585697134,
            0
          ],
          "scale": [
            0.2915925808724737,
            0.2915925808724737,
            0.14922693787065694
          ],
          "parentMatrix": {
            "elements": [
              1,
              0,
              0,
              0,
              0,
              1,
              0,
              0,
              0,
              0,
              1,
              0,
              0,
              0,
              0,
              1
            ]
          },
          "parentMatrixWorld": {
            "elements": [
              1,
              0,
              0,
              0,
              0,
              1,
              0,
              0,
              0,
              0,
              1,
              0,
              0,
              0,
              0,
              1
            ]
          }
        }
      },
      "mesh": 5
    },
    {
      "translation": [
        0.43951895300474475,
        1.2675432728537943,
        2.084426512175655
      ],
      "scale": [
        0.2915925808724737,
        0.2915925808724737,
        0.14922693787065694
      ],
      "name": "pasted__pSphere4",
      "extras": {
        "transformData": {
          "inheritType": 1,
          "eulerOrder": "ZYX",
          "translation": [
            0.43951895300474475,
            1.2675432728537943,
            2.084426512175655
          ],
          "scale": [
            0.2915925808724737,
            0.2915925808724737,
            0.14922693787065694
          ],
          "parentMatrix": {
            "elements": [
              1,
              0,
              0,
              0,
              0,
              1,
              0,
              0,
              0,
              0,
              1,
              0,
              0,
              0,
              0,
              1
            ]
          },
          "parentMatrixWorld": {
            "elements": [
              1,
              0,
              0,
              0,
              0,
              1,
              0,
              0,
              0,
              0,
              1,
              0,
              0,
              0,
              0,
              1
            ]
          }
        }
      },
      "mesh": 6
    },
    {
      "name": "group3",
      "extras": {
        "transformData": {
          "inheritType": 1,
          "eulerOrder": "ZYX",
          "scalingPivot": [
            -0.5605706793926635,
            0.9300667560348725,
            2.076022079065761
          ],
          "rotationPivot": [
            -0.5605706793926635,
            0.9300667560348725,
            2.076022079065761
          ],
          "parentMatrix": {
            "elements": [
              1,
              0,
              0,
              0,
              0,
              1,
              0,
              0,
              0,
              0,
              1,
              0,
              0,
              0,
              0,
              1
            ]
          },
          "parentMatrixWorld": {
            "elements": [
              1,
              0,
              0,
              0,
              0,
              1,
              0,
              0,
              0,
              0,
              1,
              0,
              0,
              0,
              0,
              1
            ]
          }
        }
      },
      "children": [
        8
      ]
    },
    {
      "rotation": [
        -2.7511607743243226e-18,
        -7.336428731531527e-18,
        4.890952487687686e-18,
        0.9999999999999998
      ],
      "translation": [
        -0.022578935645527487,
        -2.7755575615628914e-17,
        -5.551115123125783e-17
      ],
      "scale": [
        0.709360183049719,
        0.7093601830497193,
        0.709360183049719
      ],
      "name": "bend2Handle",
      "extras": {
        "transformData": {
          "inheritType": 1,
          "eulerOrder": "ZYX",
          "translation": [
            -0.022578935645527487,
            0,
            0
          ],
          "scale": [
            0.709360183049719,
            0.709360183049719,
            0.709360183049719
          ],
          "parentMatrix": {
            "elements": [
              -0.06510951821830857,
              0.12322756939510578,
              -0.9902402318520261,
              0,
              0.08614827281391364,
              0.9893350486182545,
              0.11745057116376847,
              0,
              0.9941525163316538,
              -0.07766033554196329,
              -0.07503097063846641,
              0,
              0.4507365793029765,
              -0.2845593006419157,
              0.976246219238514,
              1
            ]
          },
          "parentMatrixWorld": {
            "elements": [
              -0.06510951821830857,
              0.12322756939510578,
              -0.9902402318520261,
              0,
              0.08614827281391364,
              0.9893350486182545,
              0.11745057116376847,
              0,
              0.9941525163316538,
              -0.07766033554196329,
              -0.07503097063846641,
              0,
              0.4507365793029765,
              -0.2845593006419157,
              0.976246219238514,
              1
            ]
          }
        }
      }
    },
    {
      "rotation": [
        -3.1130622233076783e-18,
        -2.3204161783919438e-18,
        5.913536954902784e-18,
        1
      ],
      "translation": [
        -0.022578935645527487,
        0.029029615323249214,
        0
      ],
      "scale": [
        0.14667393551490246,
        1.0000000000000004,
        0.1206975484457093
      ],
      "name": "pCube3",
      "extras": {
        "transformData": {
          "inheritType": 1,
          "eulerOrder": "ZYX",
          "translation": [
            -0.022578935645527487,
            0.029029615323249214,
            0
          ],
          "scale": [
            0.14667393551490246,
            1,
            0.1206975484457093
          ],
          "parentMatrix": {
            "elements": [
              -0.06510951821830857,
              0.12322756939510578,
              -0.9902402318520261,
              0,
              0.08614827281391364,
              0.9893350486182545,
              0.11745057116376847,
              0,
              0.9941525163316538,
              -0.07766033554196329,
              -0.07503097063846641,
              0,
              0.4507365793029765,
              -0.2845593006419157,
              0.976246219238514,
              1
            ]
          },
          "parentMatrixWorld": {
            "elements": [
              -0.06510951821830857,
              0.12322756939510578,
              -0.9902402318520261,
              0,
              0.08614827281391364,
              0.9893350486182545,
              0.11745057116376847,
              0,
              0.9941525163316538,
              -0.07766033554196329,
              -0.07503097063846641,
              0,
              0.4507365793029765,
              -0.2845593006419157,
              0.976246219238514,
              1
            ]
          }
        }
      },
      "mesh": 7
    },
    {
      "rotation": [
        0.07173981426290317,
        0.7296361314852475,
        0.013633588683721078,
        0.679925466459648
      ],
      "translation": [
        0.4507365793029765,
        -0.2845593006419157,
        0.976246219238514
      ],
      "scale": [
        1,
        1,
        0.9999999999999999
      ],
      "name": "Front_Legs",
      "extras": {
        "transformData": {
          "inheritType": 1,
          "eulerOrder": "ZYX",
          "translation": [
            0.4507365793029765,
            -0.2845593006419157,
            0.976246219238514
          ],
          "rotation": [
            -57.428331279349244,
            98.01145194688476,
            -62.14945533664219
          ],
          "parentMatrix": {
            "elements": [
              1,
              0,
              0,
              0,
              0,
              1,
              0,
              0,
              0,
              0,
              1,
              0,
              0,
              0,
              0,
              1
            ]
          },
          "parentMatrixWorld": {
            "elements": [
              1,
              0,
              0,
              0,
              0,
              1,
              0,
              0,
              0,
              0,
              1,
              0,
              0,
              0,
              0,
              1
            ]
          }
        }
      },
      "children": [
        10,
        11
      ]
    },
    {
      "rotation": [
        -2.7511607743243226e-18,
        -7.336428731531527e-18,
        4.890952487687686e-18,
        0.9999999999999998
      ],
      "translation": [
        -0.022578935645527487,
        -1.1102230246251565e-16,
        -2.220446049250313e-16
      ],
      "scale": [
        0.709360183049719,
        0.7093601830497193,
        0.709360183049719
      ],
      "name": "pasted__bend2Handle",
      "extras": {
        "transformData": {
          "inheritType": 1,
          "eulerOrder": "ZYX",
          "translation": [
            -0.022578935645527487,
            0,
            0
          ],
          "scale": [
            0.709360183049719,
            0.709360183049719,
            0.709360183049719
          ],
          "parentMatrix": {
            "elements": [
              -0.06510951821830857,
              0.12322756939510578,
              -0.9902402318520261,
              0,
              0.08614827281391364,
              0.9893350486182545,
              0.11745057116376847,
              0,
              0.9941525163316538,
              -0.07766033554196329,
              -0.07503097063846641,
              0,
              0.4507365793029765,
              -0.2845593006419157,
              0.976246219238514,
              1
            ]
          },
          "parentMatrixWorld": {
            "elements": [
              -0.06510951821830857,
              0.12322756939510578,
              -0.9902402318520261,
              0,
              0.08614827281391364,
              0.9893350486182545,
              0.11745057116376847,
              0,
              0.9941525163316538,
              -0.07766033554196329,
              -0.07503097063846641,
              0,
              0.4507365793029765,
              -0.6325836507990726,
              0.33139370999768514,
              1
            ]
          }
        }
      }
    },
    {
      "rotation": [
        -3.1130622233076783e-18,
        -2.3204161783919438e-18,
        5.913536954902784e-18,
        1
      ],
      "translation": [
        -0.022578935645527487,
        0.029029615323249214,
        -1.1102230246251565e-16
      ],
      "scale": [
        0.14667393551490246,
        1.0000000000000004,
        0.1206975484457093
      ],
      "name": "pasted__pCube3",
      "extras": {
        "transformData": {
          "inheritType": 1,
          "eulerOrder": "ZYX",
          "translation": [
            -0.022578935645527487,
            0.029029615323249214,
            0
          ],
          "scale": [
            0.14667393551490246,
            1,
            0.1206975484457093
          ],
          "parentMatrix": {
            "elements": [
              -0.06510951821830857,
              0.12322756939510578,
              -0.9902402318520261,
              0,
              0.08614827281391364,
              0.9893350486182545,
              0.11745057116376847,
              0,
              0.9941525163316538,
              -0.07766033554196329,
              -0.07503097063846641,
              0,
              0.4507365793029765,
              -0.2845593006419157,
              0.976246219238514,
              1
            ]
          },
          "parentMatrixWorld": {
            "elements": [
              -0.06510951821830857,
              0.12322756939510578,
              -0.9902402318520261,
              0,
              0.08614827281391364,
              0.9893350486182545,
              0.11745057116376847,
              0,
              0.9941525163316538,
              -0.07766033554196329,
              -0.07503097063846641,
              0,
              0.4507365793029765,
              -0.6325836507990726,
              0.33139370999768514,
              1
            ]
          }
        }
      },
      "mesh": 8
    },
    {
      "rotation": [
        0.07173981426290317,
        0.7296361314852475,
        0.013633588683721078,
        0.679925466459648
      ],
      "translation": [
        0.4507365793029765,
        -0.2845593006419157,
        0.976246219238514
      ],
      "scale": [
        1,
        1,
        0.9999999999999999
      ],
      "name": "pasted__group4",
      "extras": {
        "transformData": {
          "inheritType": 1,
          "eulerOrder": "ZYX",
          "translation": [
            0.4507365793029765,
            -0.2845593006419157,
            0.976246219238514
          ],
          "rotation": [
            -57.428331279349244,
            98.01145194688476,
            -62.14945533664219
          ],
          "parentMatrix": {
            "elements": [
              1,
              0,
              0,
              0,
              0,
              1,
              0,
              0,
              0,
              0,
              1,
              0,
              0,
              -0.34802435015715694,
              -0.6448525092408288,
              1
            ]
          },
          "parentMatrixWorld": {
            "elements": [
              1,
              0,
              0,
              0,
              0,
              1,
              0,
              0,
              0,
              0,
              1,
              0,
              0,
              -0.34802435015715694,
              -0.6448525092408288,
              1
            ]
          }
        }
      },
      "children": [
        13,
        14
      ]
    },
    {
      "translation": [
        0,
        -0.34802435015715694,
        -0.6448525092408288
      ],
      "name": "Middle_Legs",
      "extras": {
        "transformData": {
          "inheritType": 1,
          "eulerOrder": "ZYX",
          "translation": [
            0,
            -0.34802435015715694,
            -0.6448525092408288
          ],
          "scalingPivot": [
            0.139482951757661,
            -0.6923418182305838,
            0.9988251548840414
          ],
          "rotationPivot": [
            0.139482951757661,
            -0.6923418182305838,
            0.9988251548840414
          ],
          "parentMatrix": {
            "elements": [
              1,
              0,
              0,
              0,
              0,
              1,
              0,
              0,
              0,
              0,
              1,
              0,
              0,
              0,
              0,
              1
            ]
          },
          "parentMatrixWorld": {
            "elements": [
              1,
              0,
              0,
              0,
              0,
              1,
              0,
              0,
              0,
              0,
              1,
              0,
              0,
              0,
              0,
              1
            ]
          }
        }
      },
      "children": [
        15
      ]
    },
    {
      "rotation": [
        1.2227381219219211e-18,
        2.4454762438438426e-18,
        1.9563809950750738e-17,
        0.9999999999999998
      ],
      "translation": [
        -0.022578935645527376,
        1.1102230246251565e-16,
        0
      ],
      "scale": [
        0.7093601830497189,
        0.709360183049719,
        0.709360183049719
      ],
      "name": "pasted__pasted__bend2Handle",
      "extras": {
        "transformData": {
          "inheritType": 1,
          "eulerOrder": "ZYX",
          "translation": [
            -0.022578935645527487,
            0,
            0
          ],
          "scale": [
            0.709360183049719,
            0.709360183049719,
            0.709360183049719
          ],
          "parentMatrix": {
            "elements": [
              -0.06510951821830856,
              0.12322756939510572,
              -0.990240231852026,
              0,
              0.08614827281391356,
              0.9893350486182547,
              0.11745057116376849,
              0,
              0.9941525163316538,
              -0.0776603355419632,
              -0.07503097063846641,
              0,
              0.45073657930297656,
              -0.2845593006419156,
              0.9762462192385142,
              1
            ]
          },
          "parentMatrixWorld": {
            "elements": [
              -0.045105411370009466,
              0.377066136761831,
              -0.9250873636433753,
              0,
              0.05912390777204972,
              0.9254142051200231,
              0.37431659393064365,
              0,
              0.9972310992918865,
              -0.03781107601727707,
              -0.06403481190345849,
              0,
              0.4529225354605527,
              -0.6874330649914608,
              -0.4225796813509005,
              1
            ]
          }
        }
      }
    },
    {
      "rotation": [
        -8.9828019412771e-19,
        -6.363522990594482e-19,
        1.3877787807814457e-17,
        1
      ],
      "translation": [
        -0.022578935645527376,
        0.029029615323249547,
        0
      ],
      "scale": [
        0.14667393551490246,
        1,
        0.12069754844570932
      ],
      "name": "pasted__pasted__pCube3",
      "extras": {
        "transformData": {
          "inheritType": 1,
          "eulerOrder": "ZYX",
          "translation": [
            -0.022578935645527487,
            0.029029615323249214,
            0
          ],
          "scale": [
            0.14667393551490246,
            1,
            0.1206975484457093
          ],
          "parentMatrix": {
            "elements": [
              -0.06510951821830856,
              0.12322756939510572,
              -0.990240231852026,
              0,
              0.08614827281391356,
              0.9893350486182547,
              0.11745057116376849,
              0,
              0.9941525163316538,
              -0.0776603355419632,
              -0.07503097063846641,
              0,
              0.45073657930297656,
              -0.2845593006419156,
              0.9762462192385142,
              1
            ]
          },
          "parentMatrixWorld": {
            "elements": [
              -0.045105411370009466,
              0.377066136761831,
              -0.9250873636433753,
              0,
              0.05912390777204972,
              0.9254142051200231,
              0.37431659393064365,
              0,
              0.9972310992918865,
              -0.03781107601727707,
              -0.06403481190345849,
              0,
              0.4529225354605527,
              -0.6874330649914608,
              -0.4225796813509005,
              1
            ]
          }
        }
      },
      "mesh": 9
    },
    {
      "rotation": [
        0.07173981426290313,
        0.7296361314852475,
        0.013633588683721104,
        0.679925466459648
      ],
      "translation": [
        0.45073657930297656,
        -0.2845593006419156,
        0.9762462192385142
      ],
      "scale": [
        0.9999999999999999,
        1.0000000000000002,
        0.9999999999999999
      ],
      "name": "pasted__pasted__group4",
      "extras": {
        "transformData": {
          "inheritType": 1,
          "eulerOrder": "ZYX",
          "translation": [
            0.4507365793029765,
            -0.2845593006419157,
            0.976246219238514
          ],
          "rotation": [
            -57.428331279349244,
            98.01145194688476,
            -62.14945533664219
          ],
          "parentMatrix": {
            "elements": [
              1,
              1.734723475976807e-18,
              -5.204170427930421e-18,
              0,
              -1.734723475976807e-18,
              1,
              -2.7755575615628914e-17,
              0,
              5.204170427930421e-18,
              2.7755575615628914e-17,
              1,
              0,
              -6.938893903907228e-18,
              -0.3480243501571571,
              -0.6448525092408287,
              1
            ]
          },
          "parentMatrixWorld": {
            "elements": [
              0.9994300208651214,
              0.017582264539765583,
              0.028818351222729906,
              0,
              -0.024510177823419365,
              0.9649460719995087,
              0.26130122333388234,
              0,
              -0.023213887580654773,
              -0.26185863000171067,
              0.964827017302594,
              0,
              0.018130737527506244,
              -0.1651351578470241,
              -1.303122200894249,
              1
            ]
          }
        }
      },
      "children": [
        17,
        18
      ]
    },
    {
      "rotation": [
        -1.3877787807814457e-17,
        2.6020852139652106e-18,
        8.673617379884035e-19,
        1
      ],
      "translation": [
        -6.938893903907228e-18,
        -0.3480243501571571,
        -0.6448525092408287
      ],
      "name": "pasted__group5",
      "extras": {
        "transformData": {
          "inheritType": 1,
          "eulerOrder": "ZYX",
          "translation": [
            0,
            -0.34802435015715694,
            -0.6448525092408288
          ],
          "scalingPivot": [
            0.139482951757661,
            -0.6923418182305838,
            0.9988251548840414
          ],
          "rotationPivot": [
            0.139482951757661,
            -0.6923418182305838,
            0.9988251548840414
          ],
          "parentMatrix": {
            "elements": [
              0.9994300208651214,
              0.017582264539765583,
              0.02881835122272991,
              0,
              -0.024510177823419365,
              0.9649460719995087,
              0.26130122333388234,
              0,
              -0.023213887580654777,
              -0.26185863000171067,
              0.964827017302594,
              0,
              -0.005368934837345379,
              0.0018293771743373988,
              -0.590011889357282,
              1
            ]
          },
          "parentMatrixWorld": {
            "elements": [
              0.9994300208651214,
              0.017582264539765583,
              0.02881835122272991,
              0,
              -0.024510177823419365,
              0.9649460719995087,
              0.26130122333388234,
              0,
              -0.023213887580654777,
              -0.26185863000171067,
              0.964827017302594,
              0,
              -0.005368934837345379,
              0.0018293771743373988,
              -0.590011889357282,
              1
            ]
          }
        }
      },
      "children": [
        19
      ]
    },
    {
      "rotation": [
        0.13196299818795687,
        -0.013124726966619564,
        0.010617490734206815,
        0.9911108805485924
      ],
      "translation": [
        -0.005368934837345379,
        0.0018293771743373988,
        -0.590011889357282
      ],
      "name": "Back_Legs",
      "extras": {
        "transformData": {
          "inheritType": 1,
          "eulerOrder": "ZYX",
          "translation": [
            0,
            -0.06973801336843388,
            -0.7452089354437339
          ],
          "rotation": [
            15.153730899550244,
            -1.6513985317532327,
            1.0078601056984249
          ],
          "scalingPivot": [
            0.13743840752994851,
            -0.560957937303214,
            0.3576267397672023
          ],
          "rotationPivot": [
            0.13743840752994851,
            -0.560957937303214,
            0.3576267397672023
          ],
          "parentMatrix": {
            "elements": [
              1,
              0,
              0,
              0,
              0,
              1,
              0,
              0,
              0,
              0,
              1,
              0,
              0,
              0,
              0,
              1
            ]
          },
          "parentMatrixWorld": {
            "elements": [
              1,
              0,
              0,
              0,
              0,
              1,
              0,
              0,
              0,
              0,
              1,
              0,
              0,
              0,
              0,
              1
            ]
          }
        }
      },
      "children": [
        20
      ]
    },
    {
      "rotation": [
        -0.148004134905675,
        0.060841708992251047,
        0.38337631895269914,
        0.909623911605232
      ],
      "translation": [
        1.0699032809454843,
        1.5757178947331463,
        -0.4927305302228877
      ],
      "scale": [
        1.286731625245047,
        0.04104231895533211,
        0.7803057967825787
      ],
      "name": "Left_Wing",
      "extras": {
        "transformData": {
          "inheritType": 1,
          "eulerOrder": "ZYX",
          "translation": [
            1.2907745974937213,
            1.0620639994658245,
            -0.3210500053956501
          ],
          "rotation": [
            -13.204,
            12.954,
            44.202
          ],
          "scale": [
            1.286731625245047,
            0.04104231895533211,
            0.7803057967825788
          ],
          "scalingOffset": [
            -0.16346513333277995,
            2.7674451212553275e-15,
            4.624292476881309e-18
          ],
          "scalingPivot": [
            -0.5700980252634519,
            -2.8858886851404475e-15,
            -2.1048768739269363e-17
          ],
          "rotationOffset": [
            0.00019397923375774015,
            0.015236692418165535,
            -0.007238619691881849
          ],
          "rotationPivot": [
            -0.7335631585962332,
            -1.1844356388511628e-16,
            -1.6424476262387864e-17
          ],
          "parentMatrix": {
            "elements": [
              1,
              0,
              0,
              0,
              0,
              1,
              0,
              0,
              0,
              0,
              1,
              0,
              0,
              0,
              0,
              1
            ]
          },
          "parentMatrixWorld": {
            "elements": [
              1,
              0,
              0,
              0,
              0,
              1,
              0,
              0,
              0,
              0,
              1,
              0,
              0,
              0,
              0,
              1
            ]
          }
        }
      },
      "mesh": 10
    },
    {
      "rotation": [
        -0.148004134905675,
        -0.060841708992251047,
        -0.38337631895269914,
        0.909623911605232
      ],
      "translation": [
        -1.080795969228526,
        1.5267769536229776,
        -0.47224485205137146
      ],
      "scale": [
        1.286731625245047,
        0.04104231895533211,
        0.7803057967825787
      ],
      "name": "Right_Wing",
      "extras": {
        "transformData": {
          "inheritType": 1,
          "eulerOrder": "ZYX",
          "translation": [
            -1.2932254025062788,
            1.0620639994658245,
            -0.3210500053956501
          ],
          "rotation": [
            -13.204,
            -12.954,
            -44.202
          ],
          "scale": [
            1.286731625245047,
            0.04104231895533211,
            0.7803057967825788
          ],
          "scalingOffset": [
            0.15721736157157853,
            0,
            -6.938893903907228e-18
          ],
          "scalingPivot": [
            0.5483084101281774,
            0,
            0
          ],
          "rotationOffset": [
            -0.00018656518799593897,
            -0.014654333509672738,
            0.0069619536972507735
          ],
          "rotationPivot": [
